0 0 7 9 0 0 0 0 0
1 0 0 0 0 0 0 6 8
0 0 4 6 8 0 0 0 7
0 5 0 7 6 0 2 0 0
6 1 0 0 0 8 7 3 0
0 0 9 0 3 0 0 0 0
4 0 5 0 0 0 9 0 0
0 7 6 3 0 9 8 0 0
9 0 1 0 0 0 4 0 0

-1 14
0 0
0 1
-2 19
0 2
0 3
1 2
-3 16
0 4
0 5
1 4
2 4
-4 8
0 6
1 6
-5 10
0 7
1 7
-6 17
0 8
1 8
2 8
-7 8
1 0
2 0
2 1
-8 9
1 1
-9 17
1 3
2 3
3 3
-10 10
1 5
2 5
-11 17
2 2
3 1
3 2
-12 12
2 6
2 7
3 6
-13 14
3 0
4 0
4 1
5 1
-14 15
3 4
4 4
-15 12
3 5
4 5
-16 10
3 7
3 8
-17 7
4 2
4 3
-18 23
4 6
5 6
6 5
6 6
-19 11
4 7
5 7
-20 9
4 8
5 8
-21 11
5 0
6 0
-22 18
5 2
5 3
6 3
-23 10
5 4
6 4
-24 2
5 5
-25 14
6 1
6 2
7 2
-26 14
6 7
6 8
7 7
7 8
-27 11
7 0
8 0
-28 15
7 1
8 1
-29 16
7 3
7 4
7 5
-30 22
7 6
8 6
8 7
8 8
-31 3
8 2
8 3
-32 11
8 4
8 5